Hotel Names
POUSADA e HOSTEL ARAUNA
Pousada la Portella
Samba Cabo Frio
Pousada Porto Fino
Paradiso Corporate
Aloha hostel cabo frio
Pousada On Shore
Villa Solarium Pousada
Hotel Mirante do Forte
Village du Soleil
Hotel Real
Pousada Kopenhagen Beach
Pousada Água Marinha
Nova Onda Hotel
Pousada Boutique do lazer
Suites Phison
Hotel Mar de Cabo Frio
Pousada Velas do Forte
Green Hotéis
Hotel Paradiso del Sol
Pousada Vida Boa
Zênit Hostel da Cris
MAR DOCE LAR
Pousada Boulevard
Pousada Vila Appia
